200 9979 27000 10180 24800 10808 28100 10587 25700 9966 24800 9801 25600 10367 24600 11021 24600 9415 25500 11081 24800 10374 24500 10510 25400 9095 25700 10307 24600 9966 25000 8757 24500 9374 24400 8756 25300 10606 29000 10307 24100 9662 24500 9673 25200 9119 24500 9880 24500 10515 25200 9519 25400 10586 25100 9882 25600 10321 24200 9373 24500 9899 25100 9855 33100 10174 24600 9885 25500 10431 25200 10571 25100 10203 25600 9128 24500 9327 24600 9942 24900 
400 38544 56100 42891 68500 40217 55100 41154 52100 39486 51700 40844 52700 39368 52800 39536 51400 39648 51800 43565 51300 41945 52400 37761 51600 38787 51900 38807 51500 40398 51900 36779 58800 42576 52000 40119 51400 40254 51800 37245 53500 39252 53500 36909 51000 39417 51200 40456 53200 40076 50900 39974 50700 35682 51600 38710 50500 37622 51700 37764 50800 38815 51100 38945 50400 37709 51600 38174 51300 40318 50600 40106 52100 38508 59600 41589 51400 39656 53300 36551 51300 
600 87012 89900 93775 80000 89749 79300 93997 79300 89481 79600 89162 79600 91556 80400 89369 78400 90454 79300 87435 78800 88042 78800 94320 90800 88775 79800 91705 79800 87858 79200 92076 78900 89715 78300 85990 78700 87035 79800 90011 78700 88897 77800 88805 78900 95502 80700 92145 79100 93786 96100 92173 79200 90201 82300 88439 78600 87989 79300 88360 78600 88880 79200 90182 78700 85019 78900 85795 81300 90586 78700 87951 78200 87647 81200 93360 80300 88481 80000 93245 78100 
800 154897 111000 158498 108900 166308 114700 158660 109100 160826 108900 158029 109000 162021 113300 159691 114200 161262 110000 165865 108000 161187 108900 157446 109300 156943 109200 165718 107900 147105 108300 160986 126900 159144 110800 160999 107700 154823 108700 161266 108900 158286 107500 161827 107500 162804 107200 164128 108000 161290 110600 155680 116000 156055 108300 164088 109600 155927 108600 156379 108600 163220 117000 156874 108700 165141 107800 154061 110400 158829 110600 160345 109700 164320 107600 163037 108600 155647 108600 160564 115100 
1000 246173 143200 256429 141100 244427 143300 246689 141900 254462 139900 255409 144500 243651 138500 252804 136800 246619 136700 250767 141900 242743 137800 249639 142900 245205 137300 252899 137200 252804 137500 246860 136900 249290 143900 248515 142000 261254 141900 255709 146000 244204 144200 247526 139200 251670 139800 252930 141500 245320 139400 246244 140200 253432 136700 253893 141000 256345 137400 255616 136800 249536 139500 246283 137200 255776 136700 254320 139900 253476 161100 247138 141900 248258 140400 246164 141700 237039 150000 238560 143600 
1200 352822 168400 349396 172000 351470 167800 353198 173700 367657 171200 358452 167400 361723 173700 361194 179000 366041 184200 357033 180300 355031 175200 366099 175400 364038 175800 355877 168400 365189 172700 364377 178200 364248 175200 367408 171600 365930 180200 351567 174400 363606 182400 346080 175600 364083 179700 362788 178600 340796 176600 364393 171000 359084 176000 349303 173100 368069 166900 365909 168700 365725 164700 352365 167500 365369 172700 364674 170000 352124 168200 359066 170100 359198 170900 347882 171600 349084 235400 360044 210700 
1400 482155 245600 503119 242600 492690 264900 475790 194200 493183 198100 492520 194400 497198 201500 495320 207700 487338 199500 490247 194500 501282 194800 483701 196500 489677 209600 488183 207100 487536 197000 477538 196500 488608 197500 484540 201600 482028 197000 503930 195100 481195 195800 508727 198000 483235 208600 474287 194200 494382 195200 484962 232500 470021 195000 505176 258800 492821 196900 482911 197100 499943 343400 478230 209800 492217 196300 494819 197800 484418 197200 487122 199000 489822 208700 495268 239300 489454 196500 494216 197100 
1600 639873 232600 626624 222600 647064 225000 628357 226300 642184 222400 654877 230300 640815 223900 639782 223700 631652 224000 638721 236800 601876 224000 651605 224700 644917 221300 649729 224200 643823 243800 630689 223300 643209 223700 630367 224800 638074 231700 635333 224400 644431 223600 651962 224800 627508 232000 632861 224800 652022 223600 643289 224300 630670 223200 655384 232300 644247 226300 646620 269600 623283 259100 639644 263200 649014 234600 641027 223100 640957 223000 657331 238700 657070 224800 622348 225700 633589 231000 637298 242000 
1800 799614 262000 815722 257300 819520 251700 812097 260700 823332 252300 798430 267200 807585 259800 815123 276600 806133 257700 795335 256300 809771 255300 819777 264000 815510 255600 816226 267200 792970 261900 800007 268900 820933 255900 804753 256300 821040 315000 811022 265800 814258 402600 816125 304000 780969 273400 811566 313900 782891 270900 810425 267800 800139 265200 805003 253200 806775 287500 801279 261400 814323 1013200 811298 228600 815447 227200 808322 229000 785448 231100 793479 225900 811514 225600 808790 226300 807209 233100 804762 226800 
2000 980481 248700 973398 249700 972169 252100 982064 256500 1012322 249700 1005119 252300 970933 253400 999421 251000 991219 250100 1000069 250900 974322 260800 995440 257800 1008751 250500 982379 248000 990630 252600 999438 258600 993767 257800 1012436 254800 1006371 255400 1012897 252700 997500 252300 1002752 252700 978237 258100 988577 254800 971638 256000 1011299 253300 1006519 256300 990580 253600 993343 252900 1011002 253100 1011101 255900 990281 254200 1008471 253600 1006639 251600 978736 256800 1014293 252900 988524 259300 1001318 253800 993750 256100 990760 253500 
2200 1214969 284900 1215424 287400 1181183 283400 1209130 284100 1222913 283500 1223857 288300 1204843 282000 1181122 281900 1195431 284900 1168340 302400 1196618 280900 1224714 281800 1246007 284900 1223789 283000 1174185 280300 1185749 279900 1207558 284100 1187281 279000 1200498 279200 1211693 282000 1218568 283000 1197660 278200 1241925 278900 1202923 280800 1209971 278400 1227244 279100 1214259 284500 1176708 278700 1218154 279200 1194118 280200 1230786 290000 1227479 279900 1207320 285100 1203456 285100 1200029 290500 1175078 283400 1196412 283900 1204391 289000 1214161 287700 1224471 283000 
2400 1450001 313700 1474678 311100 1455779 307400 1414912 313300 1452894 307800 1443720 306700 1442321 309300 1463979 315200 1407966 315100 1438127 310100 1435427 311700 1421263 314000 1437738 311700 1436819 315000 1457588 311900 1427040 312200 1424503 314100 1460574 311600 1449545 314900 1458214 321000 1445126 314400 1446062 311600 1426723 310200 1457501 314700 1420865 316600 1419372 311100 1436160 323600 1455199 311700 1403503 313200 1440807 314600 1450255 311100 1411131 311300 1424902 315600 1428375 311600 1437383 311500 1436904 315400 1446818 317100 1415355 312000 1468576 382700 1410127 361700 
