200 19900 374700 19900 351300 19900 340000 19900 268400 19900 64200 19900 77700 19900 47800 19900 46500 19900 46600 19900 48500 19900 46900 19900 46400 19900 46800 19900 46300 19900 46800 19900 46400 19900 46700 19900 46400 19900 46200 19900 46600 19900 46300 19900 46600 19900 46600 19900 46600 19900 46600 19900 46600 19900 46300 19900 46600 19900 46300 19900 46300 19900 52500 19900 46300 19900 46600 19900 46300 19900 46700 19900 46300 19900 46500 19900 46400 19900 46600 19900 46400 
400 79800 182900 79800 184800 79800 181800 79800 183100 79800 181800 79800 181900 79800 181900 79800 181700 79800 183400 79800 181900 79800 181800 79800 181400 79800 218100 79800 217200 79800 62200 79800 59000 79800 59000 79800 58500 79800 58100 79800 58200 79800 57600 79800 58100 79800 59400 79800 58100 79800 58100 79800 58500 79800 58300 79800 58300 79800 57800 79800 59800 79800 59800 79800 58500 79800 57800 79800 58300 79800 58000 79800 58100 79800 59100 79800 58300 79800 57800 79800 57800 
600 179700 82100 179700 80400 179700 79300 179700 80300 179700 80300 179700 80100 179700 79300 179700 83500 179700 81100 179700 79800 179700 80600 179700 95400 179700 80300 179700 79900 179700 79700 179700 79900 179700 80200 179700 82200 179700 79300 179700 79500 179700 78900 179700 79400 179700 79300 179700 79500 179700 79300 179700 59500 179700 32400 179700 31400 179700 30600 179700 30100 179700 30000 179700 30000 179700 29900 179700 29600 179700 29700 179700 29700 179700 31600 179700 29600 179700 29600 179700 29700 
800 319600 52600 319600 52400 319600 52400 319600 52700 319600 52700 319600 52500 319600 52700 319600 52800 319600 52800 319600 52600 319600 52600 319600 52700 319600 52600 319600 52500 319600 52400 319600 52400 319600 53000 319600 52400 319600 52500 319600 52200 319600 52700 319600 52400 319600 52500 319600 52700 319600 52600 319600 52600 319600 52600 319600 52400 319600 52300 319600 52800 319600 52500 319600 52500 319600 52300 319600 52500 319600 52600 319600 55400 319600 66800 319600 52700 319600 53000 319600 52400 
1000 499500 79400 499500 80200 499500 79900 499500 79800 499500 80400 499500 82900 499500 80600 499500 80600 499500 80500 499500 84000 499500 80300 499500 80700 499500 80000 499500 80200 499500 80200 499500 80400 499500 80200 499500 86900 499500 80200 499500 80300 499500 80600 499500 80900 499500 80200 499500 80200 499500 80100 499500 80100 499500 80100 499500 80000 499500 80100 499500 82600 499500 84800 499500 79600 499500 79500 499500 79400 499500 80700 499500 79500 499500 79800 499500 79500 499500 79500 499500 79500 
1200 719400 112400 719400 112600 719400 112700 719400 112300 719400 112900 719400 112600 719400 112700 719400 112700 719400 112700 719400 112800 719400 112700 719400 112800 719400 112600 719400 113800 719400 112600 719400 112600 719400 112700 719400 112400 719400 112400 719400 113100 719400 113000 719400 112800 719400 118500 719400 112600 719400 112700 719400 112600 719400 112700 719400 112700 719400 116000 719400 113200 719400 113000 719400 115100 719400 113200 719400 113600 719400 113100 719400 113600 719400 113400 719400 113000 719400 113100 719400 114500 
1400 979300 151300 979300 151400 979300 151400 979300 151500 979300 158300 979300 150600 979300 152100 979300 150600 979300 150400 979300 150700 979300 150400 979300 150800 979300 150900 979300 152300 979300 150500 979300 150300 979300 150700 979300 152900 979300 151600 979300 152200 979300 151500 979300 151600 979300 151400 979300 151300 979300 151400 979300 151400 979300 153100 979300 151600 979300 151600 979300 151500 979300 158500 979300 150600 979300 150900 979300 150800 979300 150600 979300 151100 979300 150700 979300 150600 979300 150700 979300 151900 
1600 1279200 194500 1279200 194200 1279200 194100 1279200 194000 1279200 195600 1279200 194200 1279200 194200 1279200 194700 1279200 194300 1279200 199000 1279200 199000 1279200 194500 1279200 194100 1279200 196100 1279200 196100 1279200 193100 1279200 193200 1279200 193200 1279200 202100 1279200 195300 1279200 197400 1279200 195400 1279200 195400 1279200 202100 1279200 193900 1279200 195200 1279200 197500 1279200 193700 1279200 194100 1279200 193800 1279200 195300 1279200 194500 1279200 204000 1279200 194000 1279200 197800 1279200 202700 1279200 195200 1279200 195300 1279200 195300 1279200 195200 
1800 1619100 245600 1619100 244100 1619100 244000 1619100 244200 1619100 246500 1619100 244500 1619100 244100 1619100 244200 1619100 245900 1619100 244300 1619100 244200 1619100 244300 1619100 245800 1619100 244300 1619100 244300 1619100 244300 1619100 245600 1619100 244200 1619100 244200 1619100 245700 1619100 242600 1619100 241400 1619100 241300 1619100 241700 1619100 241700 1619100 241000 1619100 241200 1619100 241100 1619100 241300 1619100 242900 1619100 241400 1619100 241100 1619100 241200 1619100 242400 1619100 240900 1619100 241200 1619100 241600 1619100 243100 1619100 241400 1619100 242100 
2000 1999000 295800 1999000 316900 1999000 295500 1999000 295300 1999000 298200 1999000 295400 1999000 295100 1999000 295500 1999000 295700 1999000 296800 1999000 295700 1999000 296700 1999000 295600 1999000 295500 1999000 310900 1999000 295300 1999000 295100 1999000 295600 1999000 295100 1999000 295100 1999000 295400 1999000 296200 1999000 295200 1999000 295200 1999000 296200 1999000 295900 1999000 301100 1999000 295300 1999000 297000 1999000 295000 1999000 304800 1999000 300600 1999000 298800 1999000 298900 1999000 300100 1999000 298800 1999000 298700 1999000 299800 1999000 296800 1999000 295900 
2200 2418900 360100 2418900 356200 2418900 354800 2418900 355000 2418900 356200 2418900 354800 2418900 356000 2418900 354500 2418900 354800 2418900 355700 2418900 354600 2418900 355000 2418900 366600 2418900 355500 2418900 355100 2418900 357500 2418900 354800 2418900 355200 2418900 356300 2418900 355100 2418900 372400 2418900 354700 2418900 355100 2418900 356300 2418900 355000 2418900 356300 2418900 356800 2418900 354700 2418900 359800 2418900 356800 2418900 355100 2418900 355000 2418900 357500 2418900 355200 2418900 357400 2418900 362300 2418900 358600 2418900 360700 2418900 357900 2418900 357800 
2400 2878800 426500 2878800 423300 2878800 429600 2878800 420800 2878800 426100 2878800 422100 2878800 420900 2878800 422100 2878800 421100 2878800 421800 2878800 420600 2878800 425600 2878800 422300 2878800 420700 2878800 428900 2878800 421000 2878800 427000 2878800 423100 2878800 423500 2878800 434900 2878800 423200 2878800 429800 2878800 420900 2878800 421100 2878800 421000 2878800 421000 2878800 421600 2878800 420900 2878800 421900 2878800 420900 2878800 421000 2878800 422400 2878800 421000 2878800 422400 2878800 420700 2878800 427600 2878800 420700 2878800 420200 2878800 421800 2878800 420700 
