200 10492 24100 10034 22800 10731 22100 10449 22200 9120 22400 10337 22200 10070 22200 10242 22400 9430 21900 10031 22200 9468 22200 9793 22300 9382 21900 10344 22300 10084 22200 8502 22100 10084 22000 9792 22000 10374 22200 9944 22000 10427 22300 9966 21800 9890 21800 9497 21900 9748 22100 9473 22200 9707 22000 9945 22200 9355 22000 10815 22100 9976 22200 10342 22300 10170 22300 10222 22100 9076 22300 10389 21900 9707 21800 9132 21900 10006 22000 10445 21900 
400 40369 47600 41566 50600 39439 46600 38649 46300 39572 46300 41114 46100 40820 46000 39747 46100 36955 45700 43146 46200 38498 46400 40600 46200 40513 46100 41366 46300 40351 46200 39501 46100 40125 46300 39062 45900 41107 46100 39854 46300 40532 45700 40032 45900 39210 48500 39727 45900 41563 45300 39586 46100 37654 45900 41183 45500 41270 46600 39987 46000 38907 46500 41184 46300 41599 46100 39421 45800 38224 45600 39163 46200 36299 46100 36813 46300 40720 51800 40609 46400 
600 96653 73300 92199 71300 89999 96500 86152 71500 87173 70900 89043 71000 90498 71100 89732 71200 90172 71700 88240 71200 91443 71300 89413 71500 91753 71100 91910 71000 88083 71000 88778 71300 88312 74600 93865 71300 88096 71200 87239 70900 90030 71300 89472 71000 88149 71100 93628 70800 90827 71200 90348 70300 87363 70700 91907 70800 87665 71100 90132 70800 87504 73900 92475 71100 91975 70700 93106 71000 92530 70900 88357 71300 88249 70900 88086 70400 88708 71300 86352 70600 
800 164775 98800 157226 96800 157301 96700 161593 99200 155364 98900 160471 96600 157816 97200 156037 96400 158349 96600 155246 96100 157867 96500 154696 96600 152589 96800 167542 115300 162341 97000 159373 97000 151912 97900 158994 96400 167822 96800 156493 96100 161372 96300 157620 96800 156153 96300 163164 101800 167940 96600 159080 96300 159606 96600 160634 95700 158510 96700 155607 96800 162931 96400 162550 96300 159410 97000 157785 99800 154161 96600 167916 97000 160164 95700 157545 95600 165061 107600 159556 97200 
1000 245351 124800 246748 123000 251530 122800 256805 125300 253433 122800 249989 122300 260447 122200 254477 122200 244443 122500 245779 122600 257242 122500 253761 134900 248730 123500 260891 129300 256956 122700 249339 128800 247789 149100 255121 138500 249473 125600 253981 121400 260265 127200 251286 122600 247814 122600 246836 122500 236624 121600 249146 122400 254204 130800 259560 122400 248404 121300 249700 122100 247204 122300 248117 122000 256592 122600 245686 122300 252230 122200 249342 124800 245304 122000 249976 121400 252136 122100 245977 121500 
1200 357325 150300 358473 148800 364016 152500 361750 148000 349257 149300 350834 147500 356906 147800 356099 148900 365830 148900 356180 152000 357510 155400 365254 147900 375487 148300 368924 148000 363424 148300 361122 150200 361492 148300 348843 148400 364351 148500 361175 148400 360309 148400 361781 148800 362703 173100 353351 148700 355515 149100 353353 146700 360052 148400 353229 148400 341471 149000 353542 151300 358395 148500 357157 147700 364336 147100 365619 150500 361763 149200 357110 150400 351134 148900 366276 147400 341022 147800 359431 147400 
1400 477405 176800 477720 175200 479094 177900 492133 176300 481203 175800 496413 176000 487788 175600 489431 178500 481835 175100 487979 175600 489439 175600 505641 175700 484122 178800 501013 178400 485087 175700 501735 174400 496088 175400 504582 183900 495560 176500 492234 178900 487052 176300 495804 174300 476581 176000 483874 175900 492825 178300 493560 175100 501184 174700 481722 175000 508216 175800 503172 175000 485832 178500 492208 176200 477257 174200 494030 175600 485074 176000 499325 174200 482921 185500 507862 175800 495513 174900 499190 175500 
1600 640898 203300 633303 209700 641897 201100 634958 205400 637182 201400 644223 200300 630520 202800 645254 201200 638627 215500 655071 198800 655540 200500 630472 202400 644863 200100 639626 200000 630959 200600 664574 201000 636737 204400 628432 201400 630986 200300 646751 200800 639440 200900 649294 204100 640835 201400 621173 202200 622498 200200 638537 203100 647845 224000 633099 200500 642054 200700 650053 201400 639960 200300 639459 204500 653059 200600 646935 201100 639287 201000 639786 200800 623932 203200 624869 200900 627022 200400 644800 200900 
1800 832384 230600 802256 230800 810034 225400 808482 227800 802784 225800 802287 229100 798923 225300 804676 225900 819986 226900 818255 230000 822957 226300 801830 225900 802142 224900 807098 227100 804408 228700 799187 228100 812183 225300 808516 226100 805100 228400 808990 229800 809553 231200 804113 225100 805112 228300 800710 224700 809105 232500 839649 226900 806470 226700 804925 229300 801358 228000 828450 225600 797488 239200 816058 242800 815163 227300 810497 226800 822021 226400 812657 232200 785594 226400 800597 225400 792824 226800 812120 227300 
2000 988391 256300 1028941 254900 1000801 251000 1013773 250900 999643 258200 1012155 257000 996699 255400 1007855 253200 1022113 255600 1011762 252200 999700 253600 997343 252800 992281 264600 998064 253600 978159 251800 969552 255400 1004175 252100 1002340 257800 998314 251800 995679 255400 998547 252600 991874 252900 1015492 251100 1016734 253100 986694 250100 1016636 260000 979772 254200 1014410 254700 988009 254300 1010452 252300 1009501 255100 996222 255600 975855 252500 996665 253200 1026145 254500 967862 256100 1010395 252700 985062 252800 994602 251000 1034088 254900 
2200 1203707 284200 1197843 291300 1205776 288200 1221231 301800 1251273 285600 1199729 282400 1190726 304600 1199102 286000 1180400 281600 1199490 280400 1214986 286300 1199849 290600 1200869 283400 1185885 306800 1187078 292600 1212583 285200 1224854 290800 1187021 282500 1199921 292100 1206520 287200 1208442 289500 1213116 284400 1215597 284800 1213730 288000 1240436 285500 1196387 291700 1187044 294800 1196076 308000 1219763 290300 1223178 284000 1234164 287700 1206589 285200 1217978 286700 1163595 286100 1216906 287900 1211141 289700 1231747 284600 1196175 288700 1204383 287000 1215888 283700 
2400 1389165 314000 1455774 315600 1432046 318700 1427637 313700 1434348 315800 1458902 317500 1440217 312100 1459810 317400 1465623 320600 1454522 310000 1421713 313300 1432670 315500 1431712 310400 1430595 313500 1431170 309700 1430802 310200 1435991 313100 1445446 310500 1421128 314300 1439225 311200 1464665 313100 1424717 311100 1471399 318200 1446139 314500 1459047 314700 1424995 312400 1418322 326500 1402070 315300 1426224 310900 1467598 327000 1458112 312300 1439387 310300 1448643 313100 1435487 310400 1474625 314300 1451122 309500 1432880 317900 1488759 308500 1459701 310100 1426835 312100 
