200 19900 310000 19900 321700 19900 348200 19900 234900 19900 59600 19900 65000 19900 65300 19900 50700 19900 45900 19900 46100 19900 45700 19900 45700 19900 46000 19900 45900 19900 46000 19900 48000 19900 46100 19900 45700 19900 46100 19900 45700 19900 46000 19900 45700 19900 45600 19900 46000 19900 46000 19900 46100 19900 45600 19900 46100 19900 45900 19900 46000 19900 45700 19900 46200 19900 45800 19900 45800 19900 46200 19900 45700 19900 46000 19900 47600 19900 46000 19900 45800 
400 79800 180500 79800 180800 79800 180400 79800 180500 79800 183000 79800 181300 79800 181000 79800 180500 79800 180700 79800 180500 79800 182400 79800 181000 79800 180200 79800 180500 79800 135900 79800 60900 79800 58700 79800 58700 79800 59700 79800 57400 79800 57600 79800 57200 79800 57500 79800 57100 79800 57100 79800 57500 79800 57400 79800 57100 79800 57400 79800 57100 79800 57100 79800 58300 79800 57300 79800 57200 79800 55900 79800 58300 79800 56500 79800 58100 79800 56200 79800 56200 
600 179700 78200 179700 78600 179700 78000 179700 77900 179700 77900 179700 77800 179700 83700 179700 78900 179700 78800 179700 79800 179700 78700 179700 78300 179700 78200 179700 78000 179700 77800 179700 77500 179700 77600 179700 77400 179700 77600 179700 77800 179700 77500 179700 78100 179700 78800 179700 77400 179700 80000 179700 80100 179700 33000 179700 31300 179700 30800 179700 30200 179700 30200 179700 30100 179700 29800 179700 30000 179700 29800 179700 29900 179700 29800 179700 29700 179700 29700 179700 30000 
800 319600 52700 319600 53100 319600 52800 319600 52700 319600 52600 319600 54200 319600 63100 319600 53000 319600 55500 319600 55200 319600 52500 319600 52900 319600 52700 319600 53100 319600 52900 319600 53200 319600 52600 319600 52900 319600 52700 319600 52700 319600 52900 319600 52700 319600 52800 319600 52700 319600 54900 319600 52700 319600 52700 319600 52600 319600 52500 319600 52500 319600 52400 319600 52600 319600 52600 319600 52500 319600 52400 319600 52600 319600 52500 319600 52400 319600 52500 319600 52700 
1000 499500 80100 499500 80700 499500 79500 499500 79800 499500 84900 499500 79700 499500 79800 499500 79800 499500 79700 499500 79800 499500 80000 499500 79700 499500 79800 499500 79700 499500 81500 499500 79800 499500 79700 499500 79800 499500 80100 499500 79600 499500 79900 499500 79800 499500 79700 499500 79600 499500 79900 499500 79700 499500 80800 499500 79700 499500 79800 499500 79800 499500 79700 499500 79700 499500 79700 499500 79700 499500 79700 499500 79600 499500 79600 499500 79800 499500 79600 499500 81200 
1200 719400 112200 719400 112400 719400 112200 719400 112500 719400 112200 719400 112600 719400 112500 719400 112500 719400 114400 719400 112300 719400 112600 719400 112400 719400 112600 719400 112600 719400 112400 719400 112600 719400 112600 719400 114200 719400 112300 719400 112400 719400 112400 719400 112300 719400 112200 719400 112300 719400 112300 719400 112300 719400 114300 719400 112100 719400 112600 719400 112200 719400 112200 719400 112400 719400 112400 719400 112300 719400 112100 719400 114100 719400 112200 719400 112200 719400 112000 719400 112200 
1400 979300 150500 979300 150000 979300 152000 979300 150500 979300 150400 979300 150500 979300 150400 979300 150300 979300 150100 979300 152700 979300 150900 979300 155400 979300 150400 979300 150300 979300 150300 979300 150600 979300 152300 979300 150500 979300 150300 979300 150300 979300 150500 979300 150500 979300 151500 979300 150600 979300 150500 979300 150800 979300 150500 979300 150400 979300 150300 979300 151900 979300 150400 979300 150700 979300 150600 979300 150400 979300 150700 979300 150400 979300 155900 979300 150300 979300 150500 979300 150300 
1600 1279200 194000 1279200 193900 1279200 212000 1279200 194200 1279200 194100 1279200 193800 1279200 194900 1279200 197700 1279200 194200 1279200 194000 1279200 193800 1279200 193800 1279200 195800 1279200 198900 1279200 194000 1279200 193800 1279200 193800 1279200 195500 1279200 193900 1279200 194000 1279200 193700 1279200 193900 1279200 195600 1279200 193900 1279200 193800 1279200 194000 1279200 194100 1279200 196700 1279200 199400 1279200 194400 1279200 193900 1279200 194200 1279200 194800 1279200 194000 1279200 194100 1279200 194100 1279200 194000 1279200 195200 1279200 194200 1279200 193800 
1800 1619100 242900 1619100 243000 1619100 244900 1619100 243400 1619100 243400 1619100 243000 1619100 244800 1619100 242800 1619100 242700 1619100 242900 1619100 244600 1619100 242600 1619100 242700 1619100 242800 1619100 244400 1619100 242900 1619100 242900 1619100 242600 1619100 243900 1619100 242900 1619100 242800 1619100 242800 1619100 244700 1619100 242800 1619100 243200 1619100 243100 1619100 242800 1619100 249200 1619100 248100 1619100 242800 1619100 242800 1619100 245000 1619100 242900 1619100 242700 1619100 242800 1619100 244400 1619100 243100 1619100 242900 1619100 242800 1619100 245100 
2000 1999000 297300 1999000 297200 1999000 299200 1999000 297400 1999000 296900 1999000 297300 1999000 298900 1999000 297100 1999000 297300 1999000 299000 1999000 297600 1999000 301300 1999000 298600 1999000 297300 1999000 297100 1999000 297400 1999000 299200 1999000 297700 1999000 297700 1999000 298700 1999000 297300 1999000 297600 1999000 298500 1999000 297100 1999000 297000 1999000 297300 1999000 298900 1999000 297500 1999000 297500 1999000 298900 1999000 297300 1999000 297300 1999000 297400 1999000 301800 1999000 299800 1999000 297300 1999000 298800 1999000 297300 1999000 297300 1999000 302500 
2200 2418900 357300 2418900 357100 2418900 359300 2418900 357600 2418900 357500 2418900 358600 2418900 357200 2418900 357100 2418900 358900 2418900 357600 2418900 358500 2418900 357700 2418900 357100 2418900 358900 2418900 357000 2418900 357200 2418900 358700 2418900 357000 2418900 357200 2418900 358900 2418900 362600 2418900 356900 2418900 358900 2418900 357100 2418900 358000 2418900 357200 2418900 357100 2418900 361200 2418900 362700 2418900 357100 2418900 358900 2418900 362500 2418900 357400 2418900 358700 2418900 357300 2418900 357000 2418900 359400 2418900 357100 2418900 359000 2418900 357600 
2400 2878800 423100 2878800 427700 2878800 423200 2878800 425300 2878800 422700 2878800 423000 2878800 429400 2878800 422800 2878800 424700 2878800 422800 2878800 424400 2878800 422700 2878800 422700 2878800 424500 2878800 422700 2878800 424400 2878800 423100 2878800 424800 2878800 423100 2878800 423100 2878800 424700 2878800 422800 2878800 424700 2878800 422700 2878800 424300 2878800 422600 2878800 422600 2878800 424300 2878800 428200 2878800 424400 2878800 427900 2878800 423000 2878800 424400 2878800 422600 2878800 424200 2878800 422900 2878800 427900 2878800 427100 2878800 422500 2878800 424600 
